--- Blue Noise Points ---
Count: 659

Index,X,Z
0,325.34,138.54
1,316.47,130.221
2,333.207,146.639
3,345.614,137.353
4,322.322,122.199
5,329.329,154.463
6,350.973,148.793
7,347.272,123.14
8,319.971,153.037
9,345.186,112.486
10,336.81,115.835
11,358.728,144.967
12,333.23,134.853
13,329.513,127.122
14,324.603,109.269
15,314.957,116.405
16,335.123,105.467
17,328.046,163.595
18,313.331,107.293
19,340.391,130.881
20,344.478,103.774
21,337.674,175.831
22,355.533,135.688
23,333.147,93.4421
24,349.206,179.599
25,306.686,122.31
26,353.428,159.263
27,317.631,143.119
28,319.966,161.139
29,342.497,144.772
30,353.988,109.22
31,320.839,176.62
32,369.381,135.068
33,313.408,169.987
34,367.807,103.385
35,347.854,89.4699
36,364.889,127.451
37,339.258,189.999
38,351.939,187.575
39,348.083,196.419
40,359.271,174.601
41,356.26,127.139
42,329.652,177.58
43,311.171,156.848
44,335.384,167.727
45,338.325,156.981
46,350.32,169.125
47,307.765,144.751
48,367.359,144.724
49,356.832,101.484
50,363.587,161.054
51,296.344,154.218
52,366.271,170.112
53,326.23,185.115
54,366.592,114.727
55,368.78,183.886
56,324.551,197.814
57,324.885,100.037
58,312.563,186.834
59,299.544,131.3
60,362.646,152.466
61,340.585,202.431
62,303.451,112.279
63,315.705,195.804
64,360.93,81.6947
65,327.082,88.0513
66,319.778,91.7183
67,307.626,176.831
68,319.152,77.0182
69,292.075,125.894
70,332.175,73.5238
71,303.828,184.736
72,341.607,95.5368
73,379.539,127.116
74,302.733,192.893
75,286.245,160.677
76,376.911,150.831
77,357.921,116.969
78,279.523,130.745
79,300.803,167.22
80,308.047,133.702
81,311.702,205.845
82,333.442,61.5079
83,310.706,80.1971
84,291.564,134.143
85,339.156,84.7499
86,294.364,117.528
87,307.736,66.9681
88,323.04,205.719
89,370.788,121.896
90,333.712,195.978
91,365.057,194.391
92,380.006,101.745
93,357.095,92.6131
94,318.213,57.9058
95,342.644,63.1825
96,290.709,104.365
97,380.478,143.047
98,342.564,163.828
99,287.968,168.745
100,284.462,117.675
101,299.971,141.837
102,321.738,67.341
103,275.685,109.691
104,385.705,90.1917
105,287.129,145.456
106,374.835,111.142
107,388.707,113.835
108,347.216,80.6823
109,298.54,81.7736
110,295.086,184.495
111,315.151,217.894
112,305.578,103.587
113,377.78,92.1638
114,369.372,206.582
115,359.458,184.605
116,380.344,192.058
117,373.293,164.118
118,312.63,97.7796
119,303.563,208.015
120,291.113,199.034
121,278.854,143.68
122,330.778,210.431
123,375.62,82.4554
124,368.474,214.925
125,369.004,91.6234
126,355.844,198.907
127,271.597,125.358
128,298.437,218.098
129,282.363,152.696
130,286.95,223.511
131,271.956,138.549
132,327.998,52.8061
133,355.6,58.189
134,348.23,213.495
135,379.682,117.883
136,380.52,178.261
137,301.964,92.1995
138,383.131,159.447
139,265.95,102.804
140,323.996,215.208
141,392.194,146.249
142,373.013,198.294
143,391.229,137.92
144,277.392,167.792
145,280.786,100.443
146,291.437,90.1607
147,259.039,121.805
148,310.565,88.2758
149,298.445,99.6311
150,297.454,230.918
151,384.523,204.235
152,266.878,88.4619
153,337.348,50.6181
154,390.633,173.564
155,381.549,214.867
156,264.769,113.037
157,264.247,129.124
158,365.882,60.4267
159,331.167,219.486
160,274.05,183.333
161,341.043,41.8636
162,381.249,70.8176
163,402.499,148.981
164,257.16,109.61
165,276.528,92.1276
166,267.186,174.904
167,271.387,80.7136
168,388.542,98.309
169,282.19,83.7194
170,256.7,83.3734
171,370.538,156.287
172,393.922,126.662
173,292.554,241.414
174,267.015,69.7574
175,360.859,205.64
176,321.393,224.767
177,393.96,79.127
178,359.547,72.2135
179,371.343,74.8126
180,355.751,224.118
181,382.392,60.1529
182,314.939,45.1061
183,257.701,141.639
184,345.877,53.0214
185,257.114,69.5811
186,263.18,62.1831
187,267.388,145.935
188,389.664,215.584
189,346.877,70.1252
190,305.885,235.48
191,297.358,69.2087
192,282.147,187.633
193,393.783,183.86
194,398.515,210.677
195,307.442,52.7025
196,307.834,221.301
197,398.978,88.7578
198,395.459,103.577
199,404.603,140.382
200,292.251,176.112
201,353.796,234.156
202,358.704,48.3915
203,339.902,75.6249
204,338.969,234.294
205,271.988,158.057
206,301.618,43.8812
207,366.879,48.9888
208,338.993,211.215
209,283.818,108.443
210,385.853,151.902
211,292.469,55.8487
212,349.814,36.0081
213,287.794,208.858
214,274.627,211.715
215,300.99,32.0427
216,404.316,184.661
217,392.147,162.523
218,405.934,83.0927
219,375.128,220.296
220,323.73,40.4802
221,281.663,175.628
222,300.263,61.6924
223,397.795,196.638
224,389.19,66.3086
225,401.34,97.6749
226,279.766,218.155
227,398.393,171.164
228,385.686,52.7654
229,284.601,252.153
230,287.532,43.8092
231,417.378,144.32
232,370.485,228.938
233,399.38,118.36
234,272.402,194.169
235,402.232,131.715
236,376.998,53.8856
237,332.764,42.6763
238,359.499,215.225
239,381.945,225.622
240,389.299,193.11
241,268.825,55.9665
242,278.848,202.112
243,265.983,210.351
244,341.9,219.162
245,399.102,67.1422
246,377.301,236.033
247,323.648,25.2738
248,258.584,153.566
249,348.353,204.426
250,263.334,222.051
251,265.642,163.489
252,294.828,25.9906
253,370.82,39.3814
254,410.076,128.712
255,261.389,50.8612
256,279.176,43.9226
257,362.507,232.535
258,377.074,246.543
259,279.764,68.4652
260,405.911,158.261
261,396.135,53.9928
262,256.548,96.1194
263,385.626,167.21
264,275.92,34.2823
265,379.597,43.7256
266,277.586,226.794
267,313.752,233.131
268,404.263,74.6073
269,387.57,42.2837
270,290.253,74.0258
271,405.602,112.435
272,262.522,31.9382
273,368.368,243.279
274,412.807,167.827
275,411.996,191.644
276,411.395,212.326
277,413.543,153.43
278,288.919,65.8239
279,389.595,239.452
280,294.373,16.772
281,410.203,97.0683
282,328.722,234.501
283,399.753,218.774
284,355.582,243.455
285,283.102,236.459
286,275.085,237.821
287,372.291,66.7132
288,411.213,176.036
289,392.062,228.989
290,292.467,36.5688
291,425.847,155.03
292,304.617,74.7912
293,320.595,237.972
294,306.214,248.215
295,271.016,44.7597
296,421.436,136.195
297,416.793,67.528
298,365.333,252.547
299,422.034,127.717
300,311.418,242.101
301,382.484,254.36
302,280.383,59.5169
303,421.86,118.67
304,259.609,202.499
305,351.826,43.9031
306,432.165,144.836
307,314.519,32.8512
308,266.994,242.638
309,418.022,198.29
310,363.775,223.564
311,422.208,184.58
312,358.24,34.6447
313,421.043,166.473
314,432.341,125.289
315,303.885,18.8171
316,313.959,22.5259
317,295.677,210.465
318,438.736,149.805
319,408.208,232.13
320,298.694,251.47
321,400.144,237.872
322,265.531,231.956
323,406.428,244.179
324,256.498,240.526
325,272.601,248.397
326,392.143,247.396
327,426.719,62.7742
328,419.848,54.944
329,307.953,37.9877
330,433.916,133.979
331,425.645,173.437
332,294.18,162.562
333,431.296,187.096
334,261.979,188.948
335,328.738,32.1035
336,413.375,118.845
337,397.332,41.5627
338,384.964,31.2232
339,425.907,193.562
340,307.209,9.64252
341,408.282,200.265
342,284.067,25.8976
343,411.726,220.717
344,295.42,4.56466
345,260.07,41.2792
346,312.345,255.752
347,318.403,246.289
348,268.147,201.505
349,413.195,59.9146
350,406.946,54.6869
351,264.114,250.314
352,314.905,13.1086
353,318.825,3.12595
354,419.127,209.608
355,362.905,24.7463
356,423.35,223.459
357,415.703,238.806
358,258.126,166.55
359,445.382,127.826
360,418.826,85.6282
361,401.045,227.993
362,453.564,149.042
363,400.631,251.409
364,433.469,212.106
365,256.067,212.293
366,354.747,253.302
367,310.942,0.184155
368,334.737,244.097
369,384.897,79.4563
370,393.625,30.2014
371,445.721,138.53
372,343.026,244.702
373,436.64,165.854
374,342.332,25.7658
375,425.717,47.413
376,429.997,201.086
377,405.649,36.0843
378,336.972,34.3803
379,416.369,46.5105
380,376.791,23.5694
381,457.549,137.392
382,335.054,226.964
383,415.334,76.021
384,397.211,14.6475
385,435.242,220.905
386,385.664,14.6809
387,433.669,67.923
388,325.021,14.336
389,352.358,23.0344
390,366.709,13.0916
391,463.565,149.777
392,389.028,22.5011
393,338.439,14.2774
394,438.904,178.142
395,413.784,104.79
396,446.206,159.551
397,424.274,99.6533
398,430.905,105.933
399,438.039,202.722
400,373.679,31.6484
401,451.536,206.138
402,426.058,242.176
403,407.832,66.5262
404,257.173,181.428
405,274.609,20.1847
406,349.674,8.09619
407,256.007,230.961
408,440.59,194.874
409,379.728,7.51839
410,425.514,75.0075
411,328.336,1.39164
412,438.748,118.306
413,461.848,160.907
414,450.773,167.647
415,284.393,35.0088
416,434.273,156.758
417,448.714,176.997
418,445.405,184.768
419,357.325,15.5814
420,283.65,8.79919
421,413.379,248.899
422,415.101,23.7326
423,430.066,228.012
424,393.182,203.94
425,334.73,21.4657
426,434.288,236.123
427,465.395,141.466
428,456.995,178.596
429,465.051,192.013
430,337.228,255.062
431,416.271,227.97
432,420.063,39.3897
433,427.836,84.7026
434,393.506,0.166086
435,408.127,255.949
436,434.519,49.3273
437,454.539,115.62
438,256.258,254.403
439,341.283,6.22158
440,324.878,254.015
441,465.837,169.755
442,442.782,227.663
443,444.383,212.841
444,436.08,57.9652
445,436.429,39.1583
446,437.777,100.336
447,264.838,23.4355
448,368.777,4.54387
449,465.483,116.847
450,274.432,10.1245
451,422.436,233.264
452,417.975,94.2332
453,441.884,82.5296
454,481.032,138.945
455,256.013,24.529
456,452.181,195.669
457,448.459,99.2736
458,445.121,53.775
459,445.075,68.1119
460,281.425,1.00049
461,429.837,34.5497
462,358.591,1.24139
463,432.782,92.0068
464,406.962,44.5395
465,434.279,79.4475
466,445.369,109.375
467,422.906,108.699
468,471.287,178.294
469,258.945,8.92587
470,420.088,31.3667
471,385.494,0.335769
472,478.923,147.095
473,464.794,183.016
474,480.286,182.836
475,431.262,114.534
476,464.381,129.755
477,472.925,137.842
478,458.676,92.7318
479,444.28,37.6139
480,399.998,22.4571
481,345.187,254.21
482,405.707,6.99059
483,477.516,168.338
484,300.856,242.143
485,461.189,110.018
486,453.273,226.367
487,486.694,173.892
488,405.382,15.483
489,455.655,128.928
490,439.195,22.4606
491,430.496,23.0033
492,326.511,245.05
493,414.126,11.8205
494,493.934,162.64
495,424.872,251.777
496,423.983,16.6963
497,449.352,85.8766
498,386.519,122.312
499,284.585,17.4005
500,453.334,57.319
501,475.567,113.7
502,435.773,247.148
503,482.925,126.163
504,473.201,86.4827
505,473.231,127.886
506,468.217,105.857
507,455.891,215.97
508,461.202,47.3287
509,412.18,1.96343
510,494.719,152
511,442.432,93.3035
512,444.648,242.098
513,425.766,214.797
514,454.632,186.949
515,489.331,195.291
516,473.247,161.366
517,431.968,255.666
518,447.259,76.534
519,268.953,4.03343
520,485.487,158.589
521,464.183,234.687
522,267.111,15.3471
523,464.39,212.667
524,377.841,135.227
525,390.326,7.70655
526,471.75,152.4
527,448.158,234.012
528,463.533,223.229
529,501.908,159.634
530,424.223,4.37767
531,473.052,189.588
532,480.807,202.508
533,475.911,220.786
534,464.431,203.936
535,466.92,56.6929
536,504.442,145.867
537,455.345,239.953
538,447.63,45.5804
539,473.034,210.787
540,460.043,79.1128
541,492.552,140.899
542,489.163,212.531
543,509.842,165.903
544,454.734,156.995
545,498.49,215.843
546,480.219,97.4849
547,483.547,231.904
548,447.207,29.9743
549,495.273,170.588
550,490.656,131.593
551,472.933,200.676
552,491.864,184.726
553,489.755,203.98
554,484.021,219.432
555,448.773,18.4516
556,474.968,231.197
557,444.964,253.145
558,504.906,172.674
559,472.932,74.2486
560,459.691,252.701
561,456.154,34.0207
562,499.53,120.225
563,457.09,18.484
564,479.919,79.6666
565,462.096,64.6998
566,483.747,89.4275
567,495.568,95.8227
568,468.338,95.2114
569,506.228,132.173
570,488.78,104.017
571,457.542,102.456
572,505.945,191.337
573,487.637,73.9316
574,489.902,120.191
575,494.939,226.352
576,480.312,242.143
577,433.056,2.22021
578,436.703,10.8788
579,445.609,2.14399
580,509.679,157.374
581,498.11,178.498
582,507.892,207.754
583,259.223,0.79686
584,453.337,67.2922
585,499.164,111.613
586,510.121,179.981
587,491.593,238.392
588,493.656,81.7919
589,479.09,56.2179
590,497.035,191.105
591,507.534,117.039
592,453.71,10.9676
593,464.7,87.3266
594,476.12,64.6754
595,509.167,220.191
596,468.156,41.1779
597,458.324,2.99698
598,507.398,78.8467
599,471.543,29.971
600,469.697,248.638
601,484.091,110.893
602,502.658,100.115
603,487.771,247.037
604,511.5,125.599
605,511.541,103.697
606,509.43,232.883
607,479.92,253.811
608,485.469,65.7873
609,480.529,36.21
610,501.237,86.8632
611,500.857,138.715
612,464.026,25.5063
613,436.968,30.775
614,511.94,85.7023
615,484.607,22.7784
616,471.726,239.069
617,511.705,198.065
618,511.061,140.832
619,499.536,204.361
620,468.34,15.2321
621,488.606,57.7508
622,503.832,226.404
623,475.615,8.67565
624,504.116,54.156
625,476.108,44.7858
626,487.91,48.3802
627,493.781,68.3127
628,447.161,119.02
629,493.01,254.106
630,462.692,243.284
631,499.857,241.462
632,510.958,93.6523
633,509.006,65.8338
634,465.793,7.17516
635,473.637,21.5009
636,496.78,58.7763
637,482.233,191.339
638,501.2,46.0468
639,502.722,249.58
640,483.226,3.39538
641,483.922,14.7231
642,495.784,23.8083
643,505.963,19.9552
644,511.045,240.971
645,498.891,75.2087
646,492.441,14.1317
647,475.621,0.660081
648,492.306,34.4454
649,502.729,31.0262
650,502.788,11.7315
651,509.626,35.112
652,494.503,3.65296
653,477.021,105.705
654,445.646,10.2672
655,506.357,4.36692
656,511.238,26.0418
657,511.201,46.7884
658,511.702,10.847
