--- Blue Noise Points ---
Count: 663

Index,X,Z
0,180.386,220.775
1,182.648,235.996
2,171.207,217.045
3,188.706,241.745
4,189.385,225.778
5,197.571,235.927
6,169.311,234.727
7,161.743,204.378
8,172.756,197.463
9,190.355,209.127
10,164.996,185.751
11,202.391,215.657
12,182.002,192.033
13,203.883,246.738
14,155.003,176.816
15,151.963,186.164
16,183.331,213.135
17,211.917,237.128
18,183.475,203.247
19,158.951,212.365
20,163.078,221.669
21,181.457,248.758
22,176.665,229.59
23,144.83,190.67
24,149.904,210.307
25,173.277,248.238
26,150.153,199.091
27,176.112,207.412
28,174.247,179.145
29,200.969,205.958
30,167.77,209.76
31,213.01,247
32,160.014,243.928
33,143.792,182.303
34,202.91,229.665
35,159.406,193.76
36,194.105,248.985
37,192.452,217.628
38,160.927,231.233
39,210.06,208.733
40,164.825,252.324
41,192.607,193.756
42,204.053,192.916
43,146.07,245.375
44,215.51,214.677
45,148.221,220.476
46,152.795,255.349
47,138.211,230.976
48,152.045,238.163
49,138.066,194.964
50,214.762,223.189
51,207.224,255.143
52,227.223,225.209
53,150.508,228.336
54,220.079,252.531
55,220.285,229.684
56,217.982,206.79
57,135.425,239.267
58,217.795,196.319
59,138.407,248.953
60,221.057,242.671
61,127.84,229.648
62,166.636,168.882
63,228.836,254.016
64,139.59,209.851
65,131.325,207.123
66,234.354,248.023
67,234.092,235.073
68,235.733,221.608
69,140.42,222.534
70,227.702,214.537
71,131.911,187.742
72,185.769,174.848
73,124.309,236.867
74,230.078,189.948
75,238.828,185.305
76,225.866,176.282
77,249.914,188.99
78,144.339,167.933
79,208.132,200.673
80,242.729,235.162
81,117.303,187.557
82,132.949,218.137
83,187.954,185.49
84,123.325,221.823
85,128.573,247.682
86,233.451,208.788
87,119.441,197.384
88,248.633,177.478
89,227.566,201.997
90,136.705,177.949
91,121.478,207.502
92,154.361,168.163
93,243.864,197.44
94,211.328,182.943
95,143.107,158.594
96,177.559,165.643
97,201.949,184.042
98,197.677,173.153
99,186.981,153.636
100,242.891,211.771
101,114.874,230.457
102,219.289,181.066
103,192.869,145.23
104,128.477,198.112
105,188.562,166.428
106,163.713,177.475
107,113.223,215.643
108,116.469,252.115
109,235.058,174.989
110,242.749,170.318
111,129.23,172.563
112,213.058,172.733
113,109.294,223.54
114,173.45,187.556
115,107.758,207.293
116,174.598,150.85
117,110.008,239.127
118,93.8161,202.73
119,247.268,243.352
120,206.854,150.648
121,151.824,151.431
122,107.839,197.774
123,160.293,159.63
124,117.683,173.314
125,99.6553,220.686
126,247.74,227.32
127,252.08,234.914
128,169.79,142.217
129,197.496,158.479
130,247.517,163.051
131,253.066,155.902
132,170.859,160.202
133,230.823,159.608
134,239.292,160.952
135,239.138,151.007
136,222.995,163.454
137,112.781,179.825
138,247.744,204.459
139,97.4809,188.872
140,106.628,187.249
141,243.706,251.002
142,229.232,149.985
143,86.2151,225.868
144,254.706,250.684
145,163.036,149.014
146,209.392,164.911
147,214.354,147.157
148,255.886,170.061
149,227.126,136.351
150,218.58,131.651
151,107.43,247.188
152,181.737,144.232
153,143.346,148.213
154,102.247,168.613
155,206.981,136.297
156,213.773,157.882
157,246.679,147.402
158,229.3,168.865
159,96.0807,231.96
160,104.275,154.196
161,253.54,140.948
162,91.1141,216.007
163,237.728,139.987
164,235.278,197.02
165,162.457,138.075
166,118.743,159.328
167,133.762,159.603
168,124.691,182.8
169,253.409,129.746
170,255.206,242.341
171,88.8296,195.87
172,194.726,135.099
173,253.92,197.755
174,245.403,219.463
175,120.916,245.172
176,101.185,253.544
177,116.837,145.489
178,222.174,143.185
179,148.955,137.984
180,221.404,155.185
181,97.951,243.87
182,98.8305,210.092
183,76.8468,222.619
184,180.779,131.49
185,93.6014,171.94
186,89.452,253.591
187,99.6063,178.624
188,94.8611,156.142
189,228.236,124.019
190,75.1051,231.956
191,255.447,210.304
192,80.4482,196.134
193,74.4011,211.993
194,199.255,127.902
195,68.669,222.372
196,255.742,224.158
197,83.8443,208.254
198,58.2111,219.732
199,240.178,128.694
200,246.555,116.096
201,88.8463,164.348
202,111.65,166.432
203,133.248,151.457
204,91.9906,182.038
205,170.712,130.893
206,86.359,239.668
207,84.8961,171.544
208,77.2519,161.638
209,195.493,119.888
210,71.8668,198.27
211,81.3183,253.728
212,60.8068,211.281
213,124.951,147.724
214,162.135,127.759
215,200.816,143.02
216,163.949,119.567
217,96.4952,140.689
218,67.668,206.916
219,132.683,137.81
220,74.2054,240.905
221,85.994,187.865
222,141.522,132.202
223,69.4515,174.471
224,181.378,121.297
225,60.7302,236.096
226,189.298,126.663
227,70.2207,188.258
228,61.7345,191.937
229,105.067,231.297
230,119.837,134.928
231,152.934,127.096
232,68.829,151.073
233,245.358,136.554
234,218.334,120.065
235,62.2756,168.815
236,84.5327,155.863
237,48.6085,218.689
238,157.027,114.61
239,39.5344,222.518
240,56.5771,229.207
241,108.406,141.421
242,254.782,114.972
243,172.4,117.132
244,53.0386,208.206
245,33.5251,231.213
246,199.981,112.957
247,133.502,126.246
248,71.9148,248.628
249,80.778,245.634
250,90.9259,128.748
251,107.144,129.124
252,159.976,102.116
253,146.497,114.93
254,29.7554,218.877
255,124.037,165.843
256,186.692,110.7
257,45.5533,234.503
258,209.956,124.563
259,86.8684,144.23
260,58.0402,200.839
261,214.535,111.741
262,47.9376,195.901
263,98.9974,132.877
264,77.6471,141.867
265,42.8748,211.379
266,43.585,202.946
267,143.529,122.614
268,188.808,96.8681
269,151.267,159.633
270,233.528,111.136
271,207.335,107.572
272,35.6465,207.792
273,32.3295,198.731
274,236.978,119.396
275,194.286,105.062
276,205.288,96.2326
277,53.5965,189.818
278,97.8583,117.194
279,136.892,111.46
280,81.5325,215.96
281,126.634,113.806
282,118.489,126.408
283,144.747,99.4111
284,58.8973,181.763
285,118.768,109.921
286,172.457,105.274
287,33.5306,240.777
288,89.6749,118.301
289,61.9145,249.865
290,130.936,105.925
291,226.04,107.833
292,102.684,108.038
293,117.738,95.4015
294,60.0536,152.863
295,156.221,93.2731
296,21.9881,196.671
297,255.592,101.251
298,238.652,100.792
299,126.284,93.1258
300,247.821,93.18
301,27.2922,208.06
302,66.4987,230.155
303,213.858,101.934
304,78.4295,183.376
305,249.979,107.087
306,135.859,91.1733
307,127.857,79.1093
308,54.1532,145.388
309,68.4375,133.635
310,142.988,86.8179
311,39.8095,192.77
312,43.8247,251.908
313,50.4908,180.985
314,180.411,100.662
315,66.8901,122.678
316,17.771,219.488
317,49.7832,244.83
318,77.5002,150.655
319,186.629,137.422
320,169.952,93.4067
321,238.667,82.1263
322,176.774,86.4958
323,167.154,75.8243
324,33.3728,249.353
325,229.643,95.6208
326,18.1033,206.377
327,195.42,89.2987
328,23.8423,231.803
329,42.1849,183.066
330,49.0772,163.735
331,28.513,183.275
332,59.223,125.045
333,76.7552,132.856
334,79.7639,124.213
335,8.8479,218.879
336,76.2695,170.132
337,148.986,106.278
338,10.7564,233.321
339,60.7268,160.935
340,12.7329,193.098
341,85.246,135.866
342,220.913,96.1132
343,69.2386,162.999
344,238.811,91.3733
345,53.021,171.715
346,3.53103,207.73
347,112.833,117.25
348,52.1165,154.557
349,136.465,76.9712
350,22.8063,240.763
351,119.552,81.731
352,226.451,83.0012
353,165.772,111.287
354,186.765,79.7215
355,4.12914,198.408
356,20.7219,255.778
357,68.2027,142.628
358,112.209,72.1532
359,216.916,86.4735
360,231.65,73.5854
361,20.538,187.887
362,205.803,83.3384
363,41.5451,172.139
364,44.582,147.721
365,19.3013,178.169
366,55.2921,254.379
367,168.007,85.3575
368,80.8513,110.014
369,111.729,89.0016
370,158.973,73.7057
371,110.481,102.09
372,101.641,91.816
373,241.645,108.737
374,103.594,81.5724
375,7.61219,180.528
376,51.009,123.116
377,156.988,85.2506
378,96.5187,75.3428
379,201.051,73.4449
380,45.1598,114.935
381,22.868,169.794
382,10.6062,243.766
383,74.4222,116.875
384,102.621,65.8196
385,31.3795,173.341
386,149.47,80.7822
387,90.0863,95.6622
388,33.0618,160.586
389,11.382,171.229
390,179.287,65.6662
391,4.31356,166.157
392,93.2573,109.202
393,17.5457,162.681
394,1.97416,254.504
395,247.726,72.0998
396,45.3112,131.298
397,134.855,66.5974
398,120.613,68.8778
399,251.917,85.8465
400,208.51,70.2208
401,0.0659637,243.38
402,163.776,65.7735
403,59.3824,113.367
404,220.014,76.7643
405,1.45138,228.969
406,70.2099,109.986
407,32.5066,151.637
408,74.2959,101
409,97.3723,101.856
410,152.264,67.1639
411,9.79064,252.319
412,0.159292,173.289
413,155.406,57.4316
414,240.498,67.2913
415,102.224,56.8906
416,18.9022,146.194
417,83.4485,86.1475
418,252.617,61.6984
419,7.04112,155.21
420,34.478,106.568
421,16.0492,154.529
422,116.213,59.2366
423,243.098,58.9647
424,96.1855,85.7902
425,33.081,129.047
426,1.29113,141.012
427,171.164,55.3955
428,142.941,60.7014
429,159.473,50.2998
430,41.0081,157.512
431,124.963,58.1824
432,127.851,50.6521
433,148.916,43.9283
434,208.187,57.6093
435,135.375,53.4111
436,0.341309,217.64
437,123.671,42.6029
438,28.4046,136.057
439,94.256,60.2513
440,69.6436,90.8749
441,83.3913,76.5345
442,1.95948,186.533
443,58.8698,134.596
444,72.8117,75.8284
445,176.374,75.2076
446,195.568,80.0033
447,50.1408,138.23
448,249.191,53.1288
449,35.6078,115.724
450,81.5724,96.9325
451,64.8851,102.417
452,238.131,44.5342
453,33.127,143.207
454,86.7891,67.4414
455,178.491,110.607
456,146.774,52.1203
457,221.592,68.5095
458,185.539,88.1238
459,185.971,71.2705
460,22.7826,114.441
461,196.073,66.8839
462,166.427,46.0385
463,25.0693,155.643
464,51.3721,109.322
465,138.275,45.0917
466,93.0692,51.7576
467,227.808,58.4636
468,215.751,61.8957
469,144.149,71.4522
470,231.461,49.386
471,42.2279,123.7
472,80.7944,55.4752
473,220.648,54.0153
474,185.972,56.476
475,116.104,48.1193
476,179.461,49.2092
477,160.197,38.5876
478,56.5968,99.6397
479,58.3883,91.5905
480,141.924,37.9455
481,4.43882,127.588
482,108.855,51.9813
483,197.608,52.7999
484,74.8608,63.1592
485,42.8334,103.34
486,206.731,45.5205
487,232.498,65.0663
488,40.8223,244.454
489,59.5614,64.3146
490,220.878,45.5314
491,46.4404,96.1231
492,16.5485,137.272
493,21.8825,130.646
494,131.944,31.4017
495,26.9502,96.9436
496,28.0711,122.478
497,36.168,92.6431
498,14.6,102.227
499,136.23,23.6772
500,246.554,34.6801
501,7.55999,135.468
502,49.8527,87.9603
503,151.613,25.6286
504,100.36,46.9222
505,66.8219,69.0741
506,7.88852,120.166
507,114.658,30.7251
508,13.3416,128.846
509,1.01851,113.42
510,233.04,35.1013
511,37.7917,80.6937
512,16.5968,121.066
513,4.03008,101.411
514,75.4114,42.5932
515,149.691,35.2078
516,12.585,112.465
517,51.6858,70.4657
518,96.9452,37.812
519,142.577,28.9367
520,29.8388,86.6934
521,126.106,20.4314
522,161.106,29.0816
523,184.675,40.8865
524,62.0033,76.542
525,160.153,18.7369
526,191.577,45.9436
527,10.3342,146.465
528,144.215,13.3547
529,153.688,11.009
530,254.111,44.4831
531,25.838,105.089
532,43.0854,73.5491
533,133.48,15.9342
534,106.534,31.2565
535,66.3682,31.6552
536,170.94,29.2219
537,198.953,40.6586
538,72.9788,50.2858
539,21.8752,89.0421
540,119.892,12.5011
541,173.707,13.9134
542,31.985,73.6333
543,175.063,36.1556
544,24.5863,80.4256
545,138.476,5.69553
546,57.9709,52.0702
547,87.0713,42.9176
548,61.1269,42.8565
549,216.158,32.1626
550,46.4211,48.7832
551,49.4721,62.0865
552,80.6823,28.7548
553,18.4621,247.645
554,113.181,16.945
555,114.046,39.0134
556,246.149,42.7344
557,36.3656,65.6375
558,122.378,33.8855
559,129.072,6.12673
560,57.8113,83.3938
561,107.4,2.67504
562,88.6773,35.0431
563,102.036,22.7356
564,163.993,4.09234
565,23.9608,63.4777
566,94.9355,28.9479
567,116.53,4.90849
568,179.99,29.0721
569,13.6956,91.3733
570,151.167,3.23808
571,131.486,40.335
572,180.583,1.96685
573,30.127,57.3178
574,22.7606,45.338
575,18.7586,71.1984
576,65.99,58.7077
577,181.57,20.5116
578,191.96,30.1893
579,254.419,28.5512
580,193.291,10.6389
581,206.798,34.8872
582,99.3141,0.0070436
583,213.645,24.4108
584,18.499,57.6226
585,204.335,24.9509
586,95.0847,15.0222
587,42.5638,56.2763
588,38.6639,136.181
589,58.3723,34.5917
590,228.509,23.6976
591,239.304,16.5597
592,182.297,9.90683
593,8.73996,67.0665
594,248.536,22.3009
595,87.7642,19.0981
596,33.6095,48.322
597,7.55278,81.2052
598,86.6259,8.6031
599,224.506,38.1252
600,50.8248,41.6888
601,204.045,5.0767
602,248.953,12.8793
603,68.4877,17.4297
604,61.7098,9.3581
605,239.419,24.8126
606,37.8921,41.2269
607,4.02437,54.3
608,78.9443,19.6915
609,190.18,0.907571
610,189.869,22.0123
611,172.8,5.13622
612,50.631,31.4507
613,71.8896,24.6724
614,63.8664,0.873198
615,25.0688,37.3443
616,226.749,14.7046
617,168.236,20.6158
618,51.8298,20.9319
619,58.8685,26.3032
620,55.6164,0.244119
621,71.6365,7.8095
622,28.5741,28.7895
623,106.085,40.3123
624,235.613,5.82602
625,12.363,47.0036
626,214.956,40.1433
627,42.1848,17.1402
628,206.865,13.6362
629,43.9551,7.2077
630,0.197168,67.1715
631,52.2556,11.0263
632,40.482,29.0341
633,218.679,14.1255
634,60.4391,17.3562
635,212.218,4.28201
636,103.996,11.7019
637,227.87,2.03305
638,219.857,1.80942
639,31.8673,4.91194
640,16.1325,79.7852
641,2.87309,38.7065
642,3.17734,90.1954
643,249.702,2.76024
644,10.3959,59.2175
645,16.5149,35.0142
646,24.3811,21.5058
647,30.2902,12.7776
648,23.3878,7.52396
649,15.8868,24.6478
650,34.0679,20.2111
651,14.9247,15.269
652,14.612,2.45191
653,90.1949,1.29129
654,255.643,17.7546
655,5.07891,2.94063
656,7.23497,26.3488
657,78.8156,11.6389
658,80.8541,2.66726
659,2.10679,16.7843
660,0.398685,75.8926
661,0.447769,31.0195
662,199.218,16.2164
